63
NULL 0 Common 0
Joined 7 0,255,0,255,0,0,0,0,0,0 Latin 1 0 1 Joined	# Joined [4a 6f 69 6e 65 64 ]a
|Broken|0|1 15 0,255,0,255,0,0,0,0,0,0 Common 2 10 2 |Broken|0|1	# Broken
♘ 0 0,255,0,255,0,0,0,0,0,0 Common 3 10 3 ♘	# ♘ [2658 ]
♖ 0 0,255,0,255,0,0,0,0,0,0 Common 4 10 4 ♖	# ♖ [2656 ]
1 8 0,255,0,255,0,0,0,0,0,0 Common 5 2 5 1	# 1 [31 ]0
. 16 0,255,0,255,0,0,0,0,0,0 Common 6 6 6 .	# . [2e ]p
e 3 0,255,0,255,0,0,0,0,0,0 Latin 43 0 7 e	# e [65 ]a
4 8 0,255,0,255,0,0,0,0,0,0 Common 8 2 8 4	# 4 [34 ]0
c 3 0,255,0,255,0,0,0,0,0,0 Latin 59 0 9 c	# c [63 ]a
5 8 0,255,0,255,0,0,0,0,0,0 Common 10 2 10 5	# 5 [35 ]0
2 8 0,255,0,255,0,0,0,0,0,0 Common 11 2 11 2	# 2 [32 ]0
f 3 0,255,0,255,0,0,0,0,0,0 Latin 62 0 12 f	# f [66 ]a
3 8 0,255,0,255,0,0,0,0,0,0 Common 13 2 13 3	# 3 [33 ]0
d 3 0,255,0,255,0,0,0,0,0,0 Latin 14 0 14 d	# d [64 ]a
6 8 0,255,0,255,0,0,0,0,0,0 Common 15 2 15 6	# 6 [36 ]0
♗ 0 0,255,0,255,0,0,0,0,0,0 Common 16 10 16 ♗	# ♗ [2657 ]
♕ 0 0,255,0,255,0,0,0,0,0,0 Common 17 10 17 ♕	# ♕ [2655 ]
g 3 0,255,0,255,0,0,0,0,0,0 Latin 55 0 18 g	# g [67 ]a
0 8 0,255,0,255,0,0,0,0,0,0 Common 19 2 19 0	# 0 [30 ]0
- 16 0,255,0,255,0,0,0,0,0,0 Common 20 3 20 -	# - [2d ]p
♔ 0 0,255,0,255,0,0,0,0,0,0 Common 21 10 21 ♔	# ♔ [2654 ]
8 8 0,255,0,255,0,0,0,0,0,0 Common 22 2 22 8	# 8 [38 ]0
a 3 0,255,0,255,0,0,0,0,0,0 Latin 23 0 23 a	# a [61 ]a
) 16 0,255,0,255,0,0,0,0,0,0 Common 24 10 25 )	# ) [29 ]p
( 16 0,255,0,255,0,0,0,0,0,0 Common 25 10 24 (	# ( [28 ]p
b 3 0,255,0,255,0,0,0,0,0,0 Latin 39 0 26 b	# b [62 ]a
! 16 0,255,0,255,0,0,0,0,0,0 Common 27 10 27 !	# ! [21 ]p
9 8 0,255,0,255,0,0,0,0,0,0 Common 28 2 28 9	# 9 [39 ]0
[ 16 0,255,0,255,0,0,0,0,0,0 Common 29 10 30 [	# [ [5b ]p
] 16 0,255,0,255,0,0,0,0,0,0 Common 30 10 29 ]	# ] [5d ]p
â 3 0,255,0,255,0,0,0,0,0,0 Latin 31 0 31 â	# â [e2 ]a
± 0 0,255,0,255,0,0,0,0,0,0 Common 32 4 32 ±	# ± [b1 ]
? 16 0,255,0,255,0,0,0,0,0,0 Common 33 10 33 ?	# ? [3f ]p
< 0 0,255,0,255,0,0,0,0,0,0 Common 34 10 0 <	# < [3c ]
; 16 0,255,0,255,0,0,0,0,0,0 Common 35 10 35 ;	# ; [3b ]p
, 16 0,255,0,255,0,0,0,0,0,0 Common 36 6 36 ,	# , [2c ]p
⇄ 0 0,255,0,255,0,0,0,0,0,0 Common 37 10 37 ⇄	# ⇄ [21c4 ]
Y 5 0,255,0,255,0,0,0,0,0,0 Latin 56 0 38 Y	# Y [59 ]A
B 5 0,255,0,255,0,0,0,0,0,0 Latin 26 0 39 B	# B [42 ]A
h 3 0,255,0,255,0,0,0,0,0,0 Latin 40 0 40 h	# h [68 ]a
7 8 0,255,0,255,0,0,0,0,0,0 Common 41 2 41 7	# 7 [37 ]0
/ 16 0,255,0,255,0,0,0,0,0,0 Common 42 6 42 /	# / [2f ]p
E 5 0,255,0,255,0,0,0,0,0,0 Latin 7 0 43 E	# E [45 ]A
m 3 0,255,0,255,0,0,0,0,0,0 Latin 58 0 44 m	# m [6d ]a
l 3 0,255,0,255,0,0,0,0,0,0 Latin 52 0 45 l	# l [6c ]a
i 3 0,255,0,255,0,0,0,0,0,0 Latin 46 0 46 i	# i [69 ]a
n 3 0,255,0,255,0,0,0,0,0,0 Latin 47 0 47 n	# n [6e ]a
S 5 0,255,0,255,0,0,0,0,0,0 Latin 57 0 48 S	# S [53 ]A
v 3 0,255,0,255,0,0,0,0,0,0 Latin 49 0 49 v	# v [76 ]a
u 3 0,255,0,255,0,0,0,0,0,0 Latin 50 0 50 u	# u [75 ]a
o 3 0,255,0,255,0,0,0,0,0,0 Latin 51 0 51 o	# o [6f ]a
L 5 0,255,0,255,0,0,0,0,0,0 Latin 45 0 52 L	# L [4c ]A
t 3 0,255,0,255,0,0,0,0,0,0 Latin 61 0 53 t	# t [74 ]a
r 3 0,255,0,255,0,0,0,0,0,0 Latin 54 0 54 r	# r [72 ]a
G 5 0,255,0,255,0,0,0,0,0,0 Latin 18 0 55 G	# G [47 ]A
y 3 0,255,0,255,0,0,0,0,0,0 Latin 38 0 56 y	# y [79 ]a
s 3 0,255,0,255,0,0,0,0,0,0 Latin 48 0 57 s	# s [73 ]a
M 5 0,255,0,255,0,0,0,0,0,0 Latin 44 0 58 M	# M [4d ]A
C 5 0,255,0,255,0,0,0,0,0,0 Latin 9 0 59 C	# C [43 ]A
q 3 0,255,0,255,0,0,0,0,0,0 Latin 60 0 60 q	# q [71 ]a
T 5 0,255,0,255,0,0,0,0,0,0 Latin 53 0 61 T	# T [54 ]A
F 5 0,255,0,255,0,0,0,0,0,0 Latin 12 0 62 F	# F [46 ]A
